ablv	3	3	11837.0
achimota	2	2	15564.0
aedes	3	3	11068.666666666666
aguacate	5	14	4128.785714285715
akabane	62	74	3248.5675675675675
alethinophid_reptarenavirus	2	4	5146.0
allpahuayo	3	4	4285.25
amapari	4	4	5193.5
ampv	11	11	13601.90909090909
andes	16	21	2915.5714285714284
apmv	25	25	15803.68
apoi	1	1	10116.0
aravan	1	1	11918.0
aroa	4	4	10568.75
arumowot	3	3	4087.3333333333335
aspv	2	2	16966.5
avian_vornavirus	1	1	8914.0
b19	27	27	5295.222222222223
bagaza	10	10	10703.7
banna	18	62	1451.3387096774193
bat_hepevirus	2	2	6675.5
bat_sapovirus_tlc58	1	1	7696.0
bear_canyon	3	5	4843.6
beilong	1	1	19212.0
betapapillomavirus_1	23	23	7642.739130434783
betapapillomavirus_2	25	25	7393.16
betapapillomavirus_3	4	4	7530.5
betapapillomavirus_4	1	1	7461.0
betapapillomavirus_5	2	2	7437.0
betapapillomavirus_6	1	1	7632.0
bhanja	6	10	3639.2
bk	289	289	5147.653979238754
bokeloh_bat	1	1	11900.0
borna_disease	10	10	8886.4
bovine_hepacivirus	5	5	8535.0
bpv_3	20	20	15469.0
brazoran	1	3	4414.0
brsv	2	2	15140.0
bunyamwera	46	64	3511.78125
california_encephalitis	85	138	4102.630434782609
candiru	37	39	4181.615384615385
canine_distemper	55	55	15741.290909090909
canine_pneumovirus	1	1	14885.0
cedar	1	1	18162.0
cell_fusing_agent	2	2	10688.5
cetacean_morbillivirus	1	1	15702.0
chandipura	4	4	11092.0
chaoyang	2	2	10520.5
chapare	1	2	5232.0
chikungunya	250	250	11799.824
colobus_monkey_papillomavirus	1	1	7686.0
crimean_congo	123	209	5512.55980861244
ctfv	4	12	2431.1666666666665
cupixi	1	2	5219.0
cxfv	22	22	10837.863636363636
dengue	4083	4083	10650.32304677933
dobrava_belgrade	21	31	2634.2903225806454
donggang	1	1	10791.0
dugbe	7	8	3429.375
duvenhage	4	4	11975.75
eblv_1	7	7	11966.42857142857
eblv_2	3	3	11928.0
ebola_nonzaire	79	79	18897.810126582277
ebola_zaire_with_2014	791	791	18885.721871049303
entebbe_bat	2	2	10373.0
enterovirus_a	891	891	7385.952861952862
enterovirus_b	246	246	7401.3130081300815
enterovirus_c	610	610	7409.35737704918
enterovirus_d	113	113	7284.061946902655
eyach	1	12	2434.1666666666665
feline_morbillivirus	5	5	15998.4
fer_de_lance	6	6	15378.0
fitzroy_river	1	1	10807.0
flexal	2	3	4618.666666666667
gairo	1	2	5304.5
gbv_c	60	60	9261.433333333332
gemycircularvirus_sl1	6	6	2199.0
goose_paramyxovirus_sf02	1	1	15192.0
great_island	28	47	2014.8085106382978
guanarito	15	15	3840.4666666666667
hantaan	86	124	2818.951612903226
hantavirus_z10	3	5	3433.2
hbov	167	167	5280.748502994012
heartland	3	9	3849.5555555555557
hecv_4408	1	1	30953.0
hendra	13	13	18234.0
hepatitis_a	119	119	7448.176470588235
hepatitis_b	6974	6974	3187.4476627473473
hepatitis_c	2561	2561	9364.443576727841
hepatitis_delta	189	189	1678.6031746031747
hepatitis_e	235	235	7234.191489361702
herpesvirus_1	9	9	153235.0
herpesvirus_2	37	37	153875.43243243243
herpesvirus_3	51	51	124939.07843137255
herpesvirus_4	27	27	170879.07407407407
herpesvirus_5	153	153	235077.18954248365
herpesvirus_7	2	2	148970.5
herpesvirus_8	6	6	135595.33333333334
hervk	2	2	9467.5
hiv1_without_ltr	1962	1962	8422.356778797146
hiv2_without_ltr	43	43	8598.813953488372
hpiv_1	22	22	15437.5
hpiv_2	6	6	15650.0
hpiv_3	112	112	15210.714285714286
hpiv_4	7	7	17195.714285714286
hpv	10	10	7305.2
human_coronavirus_229e	7	7	27233.428571428572
human_coronavirus_hku1	38	38	29802.894736842107
human_coronavirus_nl63	39	39	27471.82051282051
human_coronavirus_oc43	121	121	30749.165289256198
human_genital_associated_circular_dna	1	1	2235.0
human_picobirnavirus	1	2	2135.0
human_smacovirus_1	14	14	2458.785714285714
ikoma	1	1	11902.0
ilheus	3	3	10769.333333333334
influenza_a	1086	8623	1665.784529746028
influenza_b	52	376	1773.8936170212767
influenza_c	1	7	1843.7142857142858
ippy	1	2	5341.0
irkut	2	2	11980.0
j_virus	1	1	18954.0
jc	597	597	5112.01675041876
jev	215	215	10962.344186046512
junin	35	46	4698.065217391304
kadipiro	2	13	1672.5384615384614
kamiti_river	2	2	11375.0
kedougou	1	1	10723.0
kfd	26	26	10701.538461538461
khujand	1	1	11903.0
ki_polyomavirus	10	10	5042.0
kokobera	5	5	10612.4
lagos_bat	5	5	12009.0
langat	3	3	10943.0
lassa	242	436	5160.8899082568805
latino	3	4	4380.0
lcmv	49	68	4984.911764705882
leopards_hill	3	8	6311.25
liao_ning	5	13	1653.7692307692307
lloviu_cuevavirus	1	1	18927.0
louping_ill	4	4	10874.25
lujo	4	4	5209.75
luna	5	10	5307.1
lunk_nks1	2	2	5307.0
lyssavirus_ozernoe	1	1	11980.0
machupo	7	8	5291.875
mamastrovirus	28	28	6763.107142857143
manzanilla	3	6	4072.6666666666665
mapuera	1	1	15486.0
marburg	149	149	19114.080536912752
mastadenovirus_a	6	6	33967.666666666664
mastadenovirus_b	136	136	35163.71323529412
mastadenovirus_c	39	39	36405.307692307695
mastadenovirus_d	110	110	35079.4
mayaro	4	4	11372.25
mcv	48	48	5379.854166666667
measles	125	125	15807.704
menangle	2	2	15516.0
mercadeo	2	2	10938.0
mers	251	251	30034.314741035858
metapneumovirus	128	128	13254.1015625
mobala	2	2	5352.5
modoc	1	1	10600.0
mojiang	1	1	18406.0
mokola	7	7	11945.0
montana_myotis_leukoencephalitis	1	1	10690.0
mopeia	5	7	5044.285714285715
mopeia_lassa_reassortant_29	22	40	5226.725
morogoro	1	2	5295.0
mossman	1	1	16650.0
mssi2_225	1	1	2259.0
mumps	74	74	15368.635135135135
murine_pneumonia	3	3	14886.0
mvev	15	15	10972.4
nariva	1	1	15276.0
ndv	340	340	15179.773529411765
nipah	11	11	18248.18181818182
norwalk	470	470	7520.882978723404
norway_rat_hepacivirus	2	2	8772.0
ntaya	2	2	10613.5
o_nyong_nyong	3	3	11826.0
oliveros	3	3	4754.666666666667
omsk_hemorrhagiv_fever	4	4	10767.75
oropouche	19	32	4800.40625
parana	2	3	4634.0
parramatta_river	1	1	10893.0
pichinde	14	15	4386.066666666667
pirital	11	11	4058.5454545454545
piscihepevirus_a	1	1	7310.0
piv_5	13	13	15246.923076923076
porcine	1	1	15180.0
powassan	15	15	10782.066666666668
ppiv_1	3	3	15396.0
pprv	29	29	15949.344827586207
ptlv_1	25	25	8952.32
ptlv_2	13	13	8968.923076923076
punta_toro	21	41	3982.7804878048782
puumala	75	103	2934.640776699029
quang_binh	2	2	10864.0
razdan	1	3	3823.3333333333335
reptile_bornavirus_1	1	1	8884.0
rhabdovirus	485	485	11904.3793814433
rhinovirus_a	124	124	7118.935483870968
rhinovirus_b	45	45	7147.888888888889
rift_valley_fever	165	342	3543.093567251462
rinderpest	9	9	15882.0
rio_bravo	2	2	10441.0
rodent_hepacivirus	1	1	8879.0
rodent_torque_teno	3	3	2572.3333333333335
ross_river	11	11	11833.636363636364
rotavirus_a	5568	15305	1552.0821300228683
rotavirus_b	96	114	1286.3947368421052
rotavirus_c	355	599	1323.135225375626
rotavirus_f	2	11	1667.3636363636363
rotavirus_g	19	19	1704.0526315789473
rotavirus_h	31	41	1333.5853658536585
rotavirus_i	2	22	1555.5454545454545
royal_farm	4	4	10479.0
rsv	646	646	15152.804953560371
rubella	53	53	9762.415094339623
sabia	5	5	5626.0
salem	1	1	16698.0
sapporo	26	26	7423.076923076923
sars	304	304	29681.111842105263
sathuperi	10	16	3112.625
seal_anellovirus	5	5	2158.0
sendai	21	21	15384.0
seoul	72	91	3397.285714285714
sepik	2	2	10505.5
sfnv	60	73	2982.794520547945
sfsv	11	13	2499.923076923077
sfts	276	568	3344.31161971831
shamonda	6	12	4079.0833333333335
shimoni_bat	1	1	12045.0
shuni	12	16	4209.25
simbu	1	3	4057.3333333333335
simian_41	1	1	15450.0
simian_torque_teno	5	5	3745.2
sin_nombre	22	27	3585.4074074074074
slev	11	11	10837.90909090909
small_anellovirus	1	1	2635.0
sosuga	1	1	15480.0
spanish_goat_encephalitis	1	1	10870.0
sunshine	1	1	17187.0
sv40	35	35	5177.4
tacaribe	4	5	4895.0
tailam	1	1	19152.0
tamana_bat	2	2	10240.5
tamiami	5	5	4954.2
tbev	116	116	10828.275862068966
tembusu	61	61	10912.786885245901
thogoto	8	16	1593.125
thottapalayam	29	37	3541.324324324324
tioman	1	1	15522.0
tlmv	8	8	2881.75
torque_teno	143	143	3739.132867132867
torque_teno_canis	3	3	2796.3333333333335
torque_teno_douroucouli	1	1	3718.0
torque_teno_felis	6	6	2061.1666666666665
torque_teno_midi	3	3	3246.6666666666665
torque_teno_mini	12	12	2880.75
torque_teno_sus	103	103	2832.776699029126
torque_teno_tamarin	1	1	3371.0
torque_teno_zalophus	1	1	2140.0
tuhoko	3	3	15518.0
tula	20	22	2212.0454545454545
tupaia	1	1	17904.0
usutu	91	91	11049.747252747253
uukuniemi	18	35	4044.5714285714284
vaccinia	83	83	190561.2168674699
variola	49	49	186164.3469387755
vsiv	36	36	11042.25
wesselsbron	2	2	10814.0
west_caucasion_bat	1	1	12278.0
west_nile	1098	1098	10852.341530054644
whitewater_arroyo	12	12	3953.0
wu_polyomavirus	82	82	5229.670731707317
yellow_fever	63	63	10864.682539682539
yokose	1	1	10857.0
ypv	1	1	11202.0
zika	2	2	10800.5
zygosaccharomyces_bailii_z	1	1	3157.0
